0 0.535342 0.325754 0.116171 0.220919
2 0.551067 0.683598 0.247801 0.306185
1 0.816109 0.610737 0.157018 0.09864
5 0.377349 0.167489 0.179537 0.208553
0 0.791108 0.77107 0.213386 0.133107
1 0.507892 0.693043 0.156898 0.137859
2 0.750673 0.325752 0.29417 0.222586
2 0.790815 0.571534 0.212166 0.25202
1 0.795665 0.296454 0.13405 0.161265
3 0.142302 0.144034 0.0985633 0.0932204
6 0.286538 0.618266 0.267169 0.291301
3 0.640108 0.564026 0.0725039 0.0845659
3 0.641897 0.404709 0.0714567 0.0818475
3 0.431661 0.239218 0.074264 0.0831277
3 0.711343 0.796462 0.0724842 0.0705427
3 0.716003 0.48268 0.081065 0.076634
3 0.512106 0.163955 0.0798612 0.0743852
3 0.561839 0.407771 0.0646471 0.0717559
7 0.793494 0.857879 0.0547691 0.050103
3 0.566447 0.320967 0.0589017 0.0626913
7 0.54186 0.208787 0.067881 0.0227634
7 0.904108 0.578852 0.0176098 0.133968
7 0.567795 0.843986 0.145597 0.0244622
7 0.905452 0.321567 0.0182941 0.136548
7 0.294191 0.773449 0.205205 0.0202861
4 0.0484031 0.139321 0.0958502 0.103022
