2 0.551121 0.683375 0.248512 0.308358
0 0.535122 0.324715 0.116426 0.222473
5 0.377164 0.164735 0.177593 0.205838
1 0.816395 0.610863 0.156174 0.0984604
0 0.790923 0.771578 0.213449 0.133293
1 0.507572 0.692855 0.156427 0.138358
2 0.750832 0.324544 0.294808 0.223759
2 0.790923 0.571132 0.212578 0.253711
1 0.796304 0.295018 0.13297 0.161429
3 0.640396 0.563643 0.0720422 0.0854808
3 0.141896 0.141974 0.100047 0.0944933
3 0.716056 0.481685 0.0808454 0.077384
6 0.286388 0.61795 0.266678 0.29202
3 0.641353 0.403504 0.0707539 0.0819599
3 0.711481 0.79675 0.073098 0.0702062
3 0.432013 0.238004 0.0729875 0.083944
3 0.561134 0.406505 0.0643917 0.0724469
3 0.512886 0.16173 0.077556 0.0745801
3 0.566258 0.319047 0.0579092 0.0632468
7 0.793692 0.858674 0.0557058 0.0491059
4 0.037735 0.138307 0.0680953 0.0922953
7 0.905156 0.320254 0.0173803 0.13607
7 0.904372 0.578324 0.0170772 0.12948
7 0.542095 0.206382 0.0678164 0.0222331
7 0.568541 0.844681 0.14731 0.0233166
7 0.293877 0.773896 0.207907 0.0206562
