2 0.704273 0.444427 0.296105 0.29152
1 0.632211 0.159098 0.158051 0.164178
1 0.321869 0.20826 0.158323 0.157065
2 0.591945 0.161109 0.238933 0.251597
2 0.353272 0.237245 0.220754 0.289757
1 0.716715 0.49577 0.136187 0.186165
0 0.786432 0.159562 0.127389 0.249714
0 0.354123 0.464991 0.219283 0.140874
3 0.194884 0.497028 0.0728318 0.0932879
3 0.811914 0.254367 0.0687653 0.0833981
6 0.663613 0.746147 0.282956 0.292946
3 0.43367 0.338249 0.0822328 0.0866591
3 0.436349 0.434087 0.0716558 0.0764343
3 0.508056 0.250605 0.0701276 0.100435
3 0.346803 0.425855 0.0631052 0.0640005
4 0.210943 0.836573 0.0607676 0.0993321
3 0.587617 0.340066 0.0824435 0.0839764
3 0.264576 0.588573 0.0827598 0.0840227
3 0.305772 0.834365 0.10411 0.10701
7 0.872218 0.194988 0.0501056 0.060708
7 0.857679 0.444412 0.0227829 0.157275
5 0.164578 0.651299 0.134287 0.203965
7 0.237477 0.431311 0.0207683 0.0789098
7 0.351951 0.0870786 0.133463 0.0249915
7 0.599938 0.0298672 0.133278 0.0225417
7 0.813112 0.755427 0.0205427 0.241608
5 0.195211 0.650636 0.192005 0.203533
7 0.930718 0.194167 0.0354126 0.126533
