6 0.245635 0.390538 0.24367 0.320277
3 0.153645 0.592147 0.0469685 0.0796005
0 0.460459 0.445372 0.0810006 0.121378
3 0.307297 0.119729 0.0479992 0.0804842
3 0.774826 0.412206 0.0370814 0.0698212
4 0.304943 0.0483138 0.037919 0.0578321
3 0.472309 0.418291 0.0432398 0.0654664
3 0.573463 0.475323 0.045162 0.054043
3 0.469568 0.623169 0.0384474 0.0647375
0 0.554814 0.443877 0.0777975 0.114884
3 0.618867 0.415657 0.0430569 0.079567
0 0.50207 0.580498 0.178654 0.12948
7 0.75299 0.551187 0.0100759 0.117907
7 0.798055 0.190517 0.0124642 0.107496
5 0.74723 0.179817 0.0930186 0.154366
6 0.22904 0.676345 0.262552 0.230156
2 0.672076 0.515413 0.147332 0.25491
