6 0.245634 0.39054 0.243662 0.320285
3 0.153646 0.592142 0.0469633 0.0795913
0 0.460454 0.445363 0.080991 0.121379
3 0.307297 0.119728 0.0479998 0.0804788
3 0.774826 0.412197 0.0370732 0.0698176
4 0.304944 0.0483137 0.0379179 0.0578306
3 0.472311 0.418286 0.0432326 0.0654742
3 0.573464 0.475325 0.045159 0.0540372
3 0.469569 0.623174 0.0384451 0.0647335
0 0.554815 0.443875 0.0777983 0.114872
3 0.618868 0.415657 0.0430631 0.0795651
0 0.50207 0.580499 0.178655 0.129478
7 0.75285 0.553126 0.0107269 0.122637
7 0.798054 0.190521 0.0124645 0.107482
5 0.747229 0.179955 0.0930176 0.154642
6 0.229006 0.676347 0.262564 0.230159
2 0.672077 0.515414 0.147338 0.254918
