2 0.551121 0.683373 0.248516 0.308364
0 0.535123 0.324717 0.116423 0.222468
5 0.377164 0.16473 0.177587 0.205835
1 0.816395 0.610862 0.156171 0.0984562
0 0.790924 0.771578 0.213453 0.133295
1 0.507573 0.692859 0.156421 0.138353
2 0.750834 0.32454 0.294808 0.223762
2 0.790924 0.571133 0.212574 0.25372
1 0.796306 0.295019 0.13296 0.161434
3 0.640396 0.563641 0.0720415 0.0854883
3 0.141899 0.141973 0.100047 0.0944976
3 0.716057 0.481684 0.0808427 0.0773883
6 0.286392 0.617953 0.26667 0.29201
3 0.641355 0.403508 0.0707462 0.0819694
3 0.711479 0.796745 0.0730959 0.0702166
3 0.432012 0.238004 0.0729813 0.0839434
3 0.561133 0.406508 0.0643877 0.0724532
3 0.512885 0.161732 0.0775514 0.0745871
3 0.566259 0.319047 0.0579073 0.0632605
7 0.793689 0.858676 0.0557063 0.0491077
4 0.0377401 0.138309 0.0680836 0.0923051
7 0.905155 0.320251 0.0173825 0.136065
7 0.904368 0.578315 0.0170761 0.129491
7 0.542097 0.206384 0.0678099 0.0222415
7 0.568541 0.844684 0.14731 0.0233219
7 0.293883 0.773898 0.207904 0.0206544
