0 0.173994 0.501099 0.132954 0.204073
6 0.74186 0.254218 0.314212 0.349533
0 0.445529 0.692173 0.118283 0.244308
3 0.537386 0.436948 0.0777815 0.0841634
5 0.634065 0.895206 0.143567 0.168615
1 0.196906 0.251837 0.163104 0.134002
3 0.286361 0.601125 0.0762885 0.0852455
3 0.456467 0.865348 0.0861074 0.0767395
3 0.213303 0.430689 0.0752814 0.0634215
3 0.287844 0.435848 0.076446 0.086585
3 0.811098 0.753816 0.106462 0.11547
2 0.229856 0.233898 0.230871 0.306591
2 0.237276 0.713199 0.273649 0.195792
1 0.398102 0.18 0.0894461 0.167389
2 0.462352 0.203246 0.216805 0.242929
1 0.158839 0.728166 0.120507 0.16308
3 0.475661 0.595638 0.0684467 0.074675
4 0.818197 0.862297 0.0919925 0.0665093
7 0.217326 0.0723059 0.134198 0.019729
7 0.451736 0.819287 0.0721153 0.0181961
7 0.255689 0.818015 0.124413 0.019677
7 0.442708 0.072126 0.128005 0.0166148
7 0.740004 0.0725027 0.305246 0.0170937
